1788
6085
2156
6603
5849
9984
576
9992
522
6050
9821
9342
8862
7729
932
5055
1336
8844
504
5558
9478
7364
3586
5680
6269
2310
3743
3556
8361
683
7137
1734
7871
3987
3775
148
9282
968
2213
146
7385
5983
2213
8163
1764
426
5829
4697
2620
2863
1504
7554
2961
5009
2749
9283
9064
5832
3741
940
5546
6525
3055
8253
8126
1741
4251
4009
7314
7985
8996
6183
4347
1455
1395
4237
5358
2835
4953
6689
7256
7625
7793
4754
3895
378
2813
3438
6702
7751
1714
147
7297
7447
1756
307
8605
9160
3052
5720
5607
2968
9487
8433
1143
7621
5355
9485
5306
9770
9721
2744
6695
9608
877
4793
8125
3736
4744
5106
2079
2981
6480
4438
6224
9648
6214
9348
7020
9443
2205
9422
8194
9544
599
6726
5137
9583
4782
7433
9760
9903
8025
7139
4157
4065
6005
2463
9577
7223
987
2483
9678
3732
3878
4594
9494
763
1145
9761
3350
2575
6375
2022
1372
7095
5058
8345
754
8817
1625
4117
4450
2806
2845
7864
3302
7260
7891
991
5824
5688
2679
9588
4633
3753
3551
4715
3377
3639
6126
7727
6187
4269
370
5453
5914
1184
2621
8242
5199
4945
7138
9794
9656
5599
3371
1973
2315
4254
7850
1401
1890
2729
5747
3422
8710
1028
8375
8559
4756
9812
7546
9611
1716
8106
4652
9019
6538
7933
4227
5492
897
979
5448
4941
4239
2848
3571
4247
9255
2267
5348
5097
5147
7172
5751
9284
1014
9431
4310
513
3694
6778
5982
5295
8789
2081
7519
4625
7495
6061
7404
1843
354
8420
5029
4944
9485
7846
160
6600
4181
3573
9583
7409
3626
7602
6381
6174
749
1768
6971
4478
8073
9739
1467
6372
7056
974
8846
6177
5066
3335
2632
9690
5978
9749
6461
1138
8018
2674
9171
4361
6632
9883
2625
8248
6518
6558
1077
200
766
92
3732
7287
9073
6562
3442
5006
4314
7399
3948
2083
6043
9346
7651
6953
5759
412
2226
3957
331
1652
1144
8196
6098
1219
1041
5413
9602
1962
1659
5599
1263
73
9060
9912
3306
1870
9035
9568
398
2841
9605
436
6509
7999
7897
504
93
9234
7268
7511
4027
8079
5421
4351
5354
4005
1333
9609
5466
8672
2216
1997
1207
5671
9686
7034
5482
9617
1460
5445
2620
5973
2280
5761
4584
8957
8208
2350
3184
6123
3883
802
2782
4773
7681
9802
7225
5591
2965
1371
7218
1209
3338
1666
3069
3564
4683
5737
684
4369
2724
7221
4869
3805
6294
933
3259
4625
1707
3786
6403
6948
8580
5571
9267
441
8471
9201
8975
3450
925
808
8971
2198
2818
1539
1414
1056
5589
5639
7465
3835
9355
1917
1294
1546
6405
9114
7562
9225
7874
6244
7934
2140
7314
8916
8840
7036
6186
7414
6566
1006
7469
2007
5056
7286
4912
9485
686
8092
9993
3889
3059
7587
233
6337
7764
3632
7980
2143
7191
7332
7757
2895
6804
2100
5763
251
5741
3
7174
2829
2338
8287
808
4688
2715
2703
341
2877
6014
8167
8084
4945
6554
4065
3826
1343
2118
1180
2440
3818
8
4343
1015
5690
9978
5065
2097
3719
4386
9959
3772
6380
7862
7062
3826
6761
4022
9647
7773
2759
2343
1782
5177
6223
8734
7345
7353
9301
1060
1995
7237
2555
4574
501
6900
5253
2255
8205
6761
4597
3651
6740
3868
2953
9467
8054
3186
2360
9447
8394
6104
5105
4304
9474
3016
3821
9060
1457
3989
6295
1227
8998
9408
9512
5682
2936
6035
9679
9968
6561
8342
6132
1046
5175
2342
4485
86
7683
520
9004
7147
1324
5879
9419
3760
743
5995
4547
180
860
4245
6574
5281
8314
9545
8523
3121
4306
7505
8563
3488
1273
2937
7883
8954
6581
8782
701
4308
2188
9156
6339
878
4243
4671
4310
1161
3107
3613
3258
6393
5208
410
8401
6287
2002
3231
8599
4492
6103
3228
8265
5628
1768
3569
6874
4338
8231
3746
5625
8858
2171
6916
6813
3375
3488
5418
7578
9954
9534
7212
1133
2280
4540
7978
1044
245
6471
3803
9229
9188
7517
5266
8150
4288
6779
2814
9677
8631
2030
9804
810
2620
6966
8722
3299
4825
9035
5203
9068
5654
2187
9463
3741
9249
4658
1098
4177
3309
9026
9604
2047
5452
2549
6421
3030
9370
3060
6773
7588
1477
6771
8822
3393
1517
7972
1735
7137
45
1185
2556
3856
5600
8226
6504
4600
7826
5591
9723
4775
5937
7155
5007
6625
3102
8639
1526
604
159
731
4321
4600
8724
8968
8649
1548
7470
8150
9108
2322
2169
6266
5774
4353
6352
8202
1989
8775
794
9224
6656
4644
8598
6269
3909
3153
9885
2145
9204
1082
141
9086
9484
4230
8030
6184
441
5000
8828
7857
7105
1338
5537
2915
2841
8126
7433
2418
9812
8843
5349
8606
7516
1164
7975
4305
52
8053
2108
1828
2430
1787
5832
4398
7769
6504
5717
9399
5684
5899
6769
9761
8474
4564
724
6877
4850
8345
6958
1510
4844
260
7639
4406
8278
3825
3938
9618
5268
377
8016
8447
2699
6321
9445
7903
5127
6878
1030
8749
9568
7675
3345
2480
1157
898
439
8569
6813
5142
6105
3058
3271
5714
4709
4538
2201
1295
5639
7231
1059
4739
9919
1675
6560
5417
5432
592
127
127
8862
9331
9320
3845
7490
4243
4162
4472
8344
1952
2270
3548
925
7719
2371
6284
8665
838
4995
1079
7230
2194
7757
1736
6090
9796
414
7434
128
888
1672
784
1917
4465
3678
911
5706
5853
535
928
840
9939
6802
8567
2553
5266
3680
7979
6136
7129
8337
2529
9701
2452
2801
605
9823
7103
2102
1689
6787
3218
1160
2472
6672
4568
3347
5455
9063
8459
340
7869
4872
3404
9358
4759
9175
811
8869
581
5441
7059
1002
1243
9706
7219
2558
2670
2090
5097
2865
452
1853
4828
4467
9080
4737
136
7203
4689
2761
5663
612
9271
65
7869
3172
3794
9814
1881
1284
7620
3281
6963
5182
5209
4058
7629
3409
5896
2737
1254
3643
2802
5584
2915
604
2687
8218
1987
5057
1147
258
6987
6950
2909
146
3951
3636
4332
6211
9245
1233
679
5773
7975
8518
259
3173
5813
9313
2738
5342
326
7200
1947
7395
7769
1689
1067
5277
8020
1587
3289
707
1590
6478
7861
7170
6738
1562
3617
2106
1682
5891
7006
5051
4146
700
8089
7924
8560
3062
4825
5541
7637
6002
6669
2451
1617
4262
7922
1953
1828
1500
5104
2489
8682
5765
5581
8379
6701
5675
2824
1500
8869
5819
300
7724
7557
8883
4376
987
117
134
8604
3592
6430
8428
4250
3980
9571
4526
1186
7110
5564
1453
4133
2886
6458
2474
838
8707
1577
5226
3305
2475
2517
2126
6842
4419
5928
7019
6340
4747
3507
4878
18
519
3253
8542
3367
2055
805
3386
7017
8469
500
3525
2483
8672
8061
6650
121
4172
5603
1113
4959
2750
2819
7203
6272
9414
6014
2726
6758
8180
4356
1493
8229
2502
2249
9399
9032
5996
7776
7917
3603
8105
9744
9881
2203
3126
4843
1877
3639
6599
4499
2328
6252
3058
5442
385
3364
8171
7242
4222
3891
5904
3281
2761
5417
7344
5595
2242
2321
28
5562
775
3451
1896
8112
5942
8529
1878
4209
9250
6200
939
5937
4724
2476
9491
6720
3693
4802
6001
5157
3739
2800
9813
1968
9712
9375
2333
3735
4499
834
8240
981
3215
2857
3003
6878
2608
6990
8121
2798
3959
4727
1495
8315
9091
7390
1523
2046
7544
6990
7369
1159
3266
8869
2300
9493
739
9602
7508
4189
1746
5215
7474
8392
3042
414
2575
8716
8615
1784
6722
7494
7871
2588
1880
5321
857
8259
4886
5048
2916
6744
494
7007
7803
8316
1686
7006
2858
5503
431
3344
5576
8191
7118
8744
2651
4644
4742
8389
3127
78
2751
9477
2367
1471
4583
3428
647
8832
98
7485
3021
2011
4956
6163
1646
8881
8258
8410
9299
2646
4927
869
6967
1230
6081
3706
9435
9890
6826
165
6671
7537
9080
1210
4791
3269
746
6768
9205
5622
9160
4225
3770
4687
7482
6074
7253
6359
7234
710
3860
7849
3685
9985
6492
8279
4812
5862
9460
129
8004
8370
863
7059
2419
5906
6240
5065
8509
6272
5056
4150
8549
7347
9475
4682
3649
9932
459
7853
1647
5728
6099
2730
5705
2641
6241
3455
9626
9090
8009
4168
3170
6393
9834
4656
8440
5667
3006
2730
7307
5671
18
7505
8056
569
2682
2204
9500
7836
3480
3923
5292
9887
7664
8149
6499
9910
4264
2805
8939
3887
409
2379
7057
3588
5170
4962
1614
9327
8636
9494
7880
5966
7285
6230
6312
685
9190
1321
3083
9382
5078
6792
6696
7893
6867
9347
3274
3592
8299
4385
7933
6974
4014
8837
5191
7818
7349
6379
909
1398
149
782
3793
6261
2018
4791
4790
8267
1293
1975
5976
7411
7512
2143
9488
2837
8961
5417
1698
4636
8242
9181
1307
6935
8902
5032
7828
2358
6830
3513
2769
4062
2366
585
2242
2237
8502
6014
9183
4820
953
5111
831
8961
3984
4436
2160
232
3163
5505
384
4082
6731
2014
5734
6663
5042
6593
9773
3102
2674
913
4263
8600
7217
2979
6950
3003
7999
2868
3411
5965
4279
7465
6475
9954
5020
915
7558
2869
4173
7740
2942
5264
2443
4865
4111
2398
8787
1152
1370
9811
809
6582
7989
1824
3511
3530
6403
7645
5137
8846
8953
5650
4166
402
5866
7575
2453
2719
610
6165
77
2027
581
9290
1888
7322
6194
2435
9616
6820
1791
9324
6449
8377
1099
4460
7851
8333
1754
2563
4436
7351
5727
5307
6358
8466
6280
6252
9127
2929
5582
3723
1804
9953
3888
2349
8111
4673
5283
531
4841
9054
3265
8398
464
3163
3677
8788
3762
1242
9987
6594
9407
5757
9780
2348
9639
5077
684
7933
9314
3458
3009
1911
422
316
9676
9004
6479
3836
9778
8695
1373
6531
7133
1943
880
6515
3615
6542
2138
2872
6645
2041
6533
7657
2840
6300
8357
8979
3938
4760
6204
9427
9995
2065
6233
259
1025
2595
4347
9034
6651
8735
2159
3615
9465
8298
3075
4237
5128
596
6154
3969
2117
2508
7859
8095
299
3196
969
6317
8939
6090
909
6341
3157
6009
6000
2363
2754
6054
133
5896
4793
5519
4791
7232
1940
7680
8889
2743
466
2083
9792
1026
5443
4720
1472
8868
6916
8084
3125
3359
2457
3009
9505
1057
6237
3298
4812
390
190
9491
7521
8803
7724
4151
4960
766
9081
6429
989
4330
5786
7559
3925
2346
3850
3519
1346
5570
4465
4453
5929
7713
6619
5036
9042
5596
6700
5640
8098
7397
5219
8142
181
8444
1802
6078
1476
9903
5787
3989
3996
5841
7672
509
9362
7531
1553
2086
1921
7036
1184
9441
4577
1881
2383
256
9644
4821
7001
2337
4145
4253
7128
4892
3264
7170
877
8446
4496
1904
2523
7535
9527
433
7379
2444
3407
4649
323
7330
2708
783
5594
4805
5120
2722
8626
1426
8604
7727
7771
8316
8535
7982
7064
2890
7684
1702
1808
2423
3775
8448
892
3345
1622
3692
9102
7054
656
4631
8779
3768
562
2669
2696
1821
8011
722
3013
1292
542
3224
2947
7867
8667
8017
7466
9461
2544
9556
524
2985
1574
1008
9502
8059
9426
9809
8213
2763
5902
3997
1223
2882
253
1734
7666
3658
5559
7815
8550
1939
898
1694
6076
9805
9175
8524
5644
7203
3095
642
70
3505
5621
1651
4358
8460
9021
6992
9562
1109
7924
203
8652
6175
1846
6539
5172
8491
3702
9041
1406
2783
2243
1089
7173
5957
7856
4524
8738
8076
268
7535
4185
8723
8537
1906
3110
3631
1036
535
1428
625
721
999
8454
8603
3070
3268
6893
6322
2156
2852
708
2571
1448
149
7071
5251
330
4028
6136
2660
7414
9145
7499
1691
7822
1227
9581
5775
6831
7063
9207
5977
1510
353
1105
3872
7703
6404
634
2688
4076
5089
892
185
1105
643
2649
7356
5724
6709
8397
1281
6037
2392
3968
4328
1481
4740
1061
626
5403
2162
8288
7611
1267
3903
3785
8346
9865
2076
4316
4864
7191
5803
9035
9993
5351
9794
9503
227
9846
8461
4448
7342
7675
7408
9986
4966
66
2608
1626
8712
6166
3139
8379
4568
2662
707
2425
8268
167
7056
9534
8339
7043
7078
7285
8982
4992
7627
6332
9382
2531
8648
5968
5161
215
2349
6301
899
8518
3204
6441
2986
7845
4406
3490
3720
6846
1845
9969
4290
2579
4075
2264
6599
9280
6953
1914
1294
8776
9109
2696
6259
8243
7350
575
4967
6253
4337
5471
9623
1420
5342
4295
9908
8098
7032
2510
3267
8083
1133
578
6877
7036
323
2325
2902
1062
6838
4825
6736
9932
5126
4995
6629
2039
8148
1071
6097
5383
3608
6805
8762
2869
5077
2465
7338
8862
5510
7044
8443
5329
3038
211
706
8705
7645
6308
6412
1018
4617
2384
8000
2134
9028
4122
7784
4305
7212
8560
2604
6896
4375
8733
6268
741
1092
8521
3587
9310
3448
1527
4592
1340
3826
4507
6927
6748
1594
241
5994
5531
209
9333
7586
1508
8463
681
8710
9705
726
6831
5904
9030
7463
5243
1500
2899
9562
8616
5783
4962
2258
2492
2958
6491
9223
8134
1710
4519
9848
5632
307
3626
7097
3510
8490
2492
7265
970
1268
1664
4424
2379
5028
8002
4224
3308
3184
136
6604
7076
1382
9841
4802
5238
1761
5098
4001
5395
1258
7862
3677
159
6332
1996
9621
9009
341
9109
5725
8016
1523
2234
6430
968
7970
4646
5035
4993
8749
280
9949
2745
8484
6324
7366
82
8272
9068
6780
8021
6497
9632
1566
6560
3815
4857
2422
390
2408
5108
6380
4986
6539
7792
8018
4715
393
4220
5793
426
5836
2506
6861
8648
6306
5976
1145
4966
2267
2724
1161
376
3575
7315
9264
987
1214
6557
2382
5984
4737
2182
8767
1093
2565
9030
1653
616
2873
9260
613
9210
7300
7219
6510
7951
7007
3242
812
3629
1809
9028
4023
2180
574
9920
41
6850
7720
2039
2787
9123
9492
4622
3238
6490
3267
4761
3803
6175
88
4173
7026
5264
3511
2971
2612
8532
3848
642
1150
942
6343
9697
9289
1297
8040
4254
1909
5133
3691
1282
6767
5924
9988
6588
5563
2245
9468
8690
7253
8878
7355
6535
242
688
4984
4453
4233
5174
4851
6378
1764
1127
1413
7135
2212
6697
860
7967
7181
9752
8904
6873
7245
2510
531
7999
7309
6255
3314
5504
7448
3741
8658
8274
646
428
9238
6499
1273
6088
1502
8590
5197
9810
3339
4030
6272
4732
9783
8675
2778
9704
2552
9125
4929
1301
4959
302
685
5386
739
8165
4453
4122
2176
3035
7889
5035
6156
2421
6069
3650
6396
7823
7360
4553
4851
2291
7457
3941
3072
9847
6955
7489
4519
4666
5989
4048
7449
6508
8675
1781
5819
6373
3287
5307
379
685
6968
1138
2050
912
4718
6234
9929
583
3360
1282
6846
9538
2989
6352
4747
83
8638
9434
3499
2624
7690
9771
4317
5863
7675
1262
9459
453
4978
3683
3785
9495
1810
677
6608
4423
160
4245
7622
4868
9235
6041
5314
7913
4575
5733
6730
2969
1610
2486
8232
6405
5952
6597
4118
1145
5878
833
4662
4036
1245
6386
8438
4062
8072
5394
3154
5699
4017
8906
2861
378
8749
1720
9215
6654
9261
2109
2050
9917
9123
6522
6167
7232
7812
7557
5795
9709
1336
92
248
5970
9272
3659
6201
1728
3178
7013
5217
53
1571
7185
8210
6131
1059
1275
207
2165
5534
7828
215
7117
7531
262
2395
4859
1662
2227
1415
6350
5997
8066
8477
6253
2156
8318
3819
5879
5401
3939
7679
4137
6998
112
3868
5350
1317
458
7747
8496
930
4452
5235
5447
7597
97
568
3322
590
5262
7000
9195
8950
3182
8768
8728
4210
1801
1488
656
4711
3962
824
3042
9937
8945
1371
6455
3643
6872
8131
1090
7683
2307
5245
9623
7753
7077
9138
453
5577
6608
5226
5799
3236
4780
9616
7500
3245
8998
9308
9698
7278
3213
5882
2449
121
6371
8657
2831
5300
6747
5735
2821
6431
7254
1065
9902
3271
2947
6977
185
4156
165
7248
2692
7856
2885
2167
8322
1936
1145
6351
1779
1715
7430
7962
5495
4532
3476
2831
5500
8128
6562
2534
1293
781
3364
3400
4458
8282
4330
1668
1575
5844
4475
7579
966
2018
9305
3821
7532
7224
8818
6067
3637
1874
2484
3543
9101
3941
810
9991
6074
6446
5394
6174
6956
6435
1127
8192
2749
2890
3458
49
189
9225
9033
2594
4666
8958
738
227
7716
9217
2852
7801
2838
9790
7700
1344
1132
8865
3867
7510
2631
6387
1515
7378
9758
3358
4259
2814
1972
1277
6620
3791
1519
9868
112
1474
4937
6564
3412
6679
5098
584
6274
6806
3039
3447
6987
3462
8341
9076
8202
9294
4383
1705
6725
7760
572
5102
671
7927
6429
8432
283
1883
381
1945
3572
6772
169
2558
783
1438
1507
9322
3619
3251
2640
4250
3884
1463
1933
366
5142
1309
5386
798
2492
5183
3672
718
931
8429
5241
3403
4473
9288
7118
9856
9818
175
6303
398
1117
9423
4444
7549
3799
9671
3816
6232
2864
8319
5818
6713
8552
2782
2961
3699
6522
9225
6011
979
3800
4959
3367
6328
9411
5886
7338
7783
7381
23
8865
6894
4986
6616
1501
575
7366
3237
4118
5869
4096
472
2584
9891
134
2989
2484
2115
128
1920
7329
7323
7597
8330
5449
429
3093
7807
7168
2669
5599
4579
8309
6223
5887
8650
734
717
4282
8192
2984
3092
5659
2138
3969
1108
8030
6536
4706
6489
2003
3340
5604
3605
2631
5047
8505
8880
9100
4408
6588
1355
6625
2396
7446
1325
5755
6408
2305
6771
105
6465
3596
6632
3431
4750
6370
8286
2342
7859
833
2927
1738
9591
7232
4414
6236
9198
1417
1393
6655
9726
2382
1676
8363
1639
2005
9018
9502
1389
8344
8130
6724
1767
2681
858
3644
1674
1460
6185
868
9863
2687
8575
7630
1825
9155
1170
7618
3446
2837
2910
9914
7183
389
3430
1591
5706
5556
3028
5108
9556
8103
3435
7602
4107
6380
53
8029
4718
9522
5621
7980
1827
1135
5596
1921
8523
6312
1280
9318
1707
7480
1008
4026
8471
6275
4708
7926
7171
6300
9066
3684
2538
8661
220
1948
7016
2758
7639
1888
5719
2753
2774
8920
5184
7996
1978
2461
759
8733
9867
2176
3792
9899
5186
4647
842
6160
140
9288
9185
1371
8710
2120
4714
890
8500
6630
3216
2069
4314
4957
9918
870
7359
1763
5300
8903
1467
9558
8763
6139
5172
6430
2728
7904
8339
1055
6421
1243
9149
9621
9741
3546
4590
3724
9392
644
7967
2702
5754
9549
9942
7588
4097
4725
3459
7181
6694
9920
1512
291
1646
8184
5031
1225
3657
8451
9350
1842
557
4509
2294
5545
2504
7054
3460
8888
5433
5434
4511
4582
1493
4689
5285
8209
8539
3424
8368
4832
9326
9134
69
6446
4831
2668
1402
3412
9838
8327
4009
1130
9279
4403
4258
8370
3315
3890
5009
6091
4391
1706
915
7200
544
4758
7749
3088
6108
7577
2723
3590
8294
4255
6001
7634
8294
3487
3585
6451
1626
6454
8114
3892
540
8932
3888
8931
4886
1815
1733
7556
4185
6063
2610
4139
7265
3942
9967
7916
4312
4428
6289
4972
6153
3370
6931
845
7573
4505
3109
8070
9883
9589
1665
4755
3757
3948
3093
2509
8726
1588
6103
5677
8119
9683
8784
9840
213
2205
6468
1115
9978
5469
2620
8853
4290
6675
3929
131
506
8416
7999
7139
2748
6706
764
7285
2908
3095
3274
1199
3721
8764
4439
7136
4335
4846
6905
1828
6032
4536
1450
1104
8949
2206
4282
5961
623
8051
9656
8384
6773
8721
322
1803
9025
6950
4852
2547
6633
6422
3179
466
5169
7399
5146
5485
8760
9507
4649
4106
5318
4583
2227
1515
5959
2577
1582
4608
181
7068
9974
2804
2535
9378
1865
9522
952
1440
8099
5068
6888
6971
3512
6012
8162
7655
1779
10
8074
6545
6030
9802
5710
8301
1934
4864
6768
7549
6384
5769
2796
468
166
2420
5358
4059
6118
4809
9617
473
7337
1475
9305
9195
2374
4067
1241
9807
6423
9051
9757
1620
9743
6343
5420
3063
1262
3568
5026
3724
1328
9839
6654
7522
2794
1354
7901
548
5245
8601
6212
2400
1071
5870
3672
5794
3318
840
6846
4304
1575
6829
6028
2723
1812
2857
1833
9539
4711
4009
4215
3755
5428
2333
5324
696
1520
2794
8522
2274
9201
4868
3095
3846
672
8986
4831
1325
2594
127
9026
2138
9546
3083
6572
7726
2889
6651
4729
2226
5089
5454
7052
7594
9448
9362
8830
1340
7153
9253
8257
6598
5732
1119
7142
9174
4516
6420
22
9593
5098
1070
8087
1017
8687
5168
9633
7605
4918
3317
6227
6466
2995
7833
3270
6388
1202
4139
343
2312
1689
8087
4260
8292
8784
7950
5682
7301
3540
8255
3949
2912
9956
5294
4707
121
6399
8523
3841
4515
3391
7288
1904
6276
5490
8249
4430
4908
2238
307
5862
4029
293
5457
8349
1087
8779
8037
8587
3140
9654
8595
274
6417
4695
573
8227
1313
3691
2879
1643
3367
5750
215
4517
4379
3609
458
1439
28
3642
7739
6395
1153
9016
6138
8167
7540
9547
9063
3693
6305
1631
5975
5274
4082
815
5058
810
6037
8852
5936
5509
2441
9606
9527
8766
9790
9822
5704
6279
1417
3128
8541
8756
5627
5943
3843
3421
3106
9212
605
7201
2727
5499
8711
1165
9697
6191
8426
7236
560
6175
5254
6529
325
3601
1876
4437
9543
2207
2638
6088
7264
35
9019
711
1155
8087
5999
6450
1874
1761
5982
8427
2452
1460
7625
3013
9835
6799
5270
1209
7849
1828
4418
9116
2602
1656
6922
1968
8625
2599
4472
8572
8207
3577
6502
8383
9944
3846
8836
5990
4518
470
9601
7131
2895
1458
1311
5791
7659
3120
1991
5566
7207
7690
7366
6463
8366
5265
4909
6358
4555
307
7579
8385
9671
5087
5751
7398
8368
8413
9590
6291
8928
5935
8151
458
5710
7847
9293
1264
4312
5530
8506
5611
4179
8255
3430
28
1464
381
312
806
4390
5913
2934
2997
4788
3909
5637
509
2263
3606
7366
420
3657
3522
2840
5654
4169
8143
5752
1315
8279
2287
285
5763
3628
6874
8702
6265
1512
6282
9423
1573
1379
1769
9151
5607
4023
6244
8801
1555
2881
3144
812
7572
1064
8340
594
9901
5785
5547
2983
6860
7096
7134
5888
428
678
3646
709
7556
345
1969
1060
8058
8973
7491
4352
9369
84
5510
3723
73
4012
3567
4474
1481
6129
9236
5413
6747
7735
7372
8526
7338
7315
3883
8148
709
2652
1150
3525
8777
1466
1611
9561
406
6715
1963
7971
8844
5261
3209
7854
3604
4091
9927
3559
7154
6939
5850
959
4840
8189
7117
6258
7652
2157
8746
7350
558
95
2894
6982
9892
5226
8613
9248
5684
5489
6051
4563
5966
3006
9256
1996
1845
5054
4204
6074
1785
3946
3978
5412
3847
2482
3668
80
198
6227
2624
2753
1053
9282
7104
9831
2136
874
9963
6776
1069
9088
8630
8755
4528
5935
9497
8958
7991
8888
522
9440
9398
1877
1350
7355
4945
9530
9979
2298
8819
8270
6649
6850
3974
2065
9904
7145
3493
9071
5076
4791
1145
1188
5784
5802
8708
907
7502
7507
1988
2848
5905
9504
570
2631
7369
9609
4672
944
4342
4314
5361
8480
5174
7523
4703
7234
5171
5226
2659
7477
3834
1182
1314
6754
4587
8862
5789
5269
5041
5058
9028
8824
921
6345
3578
887
3154
9236
985
8659
5716
9997
3679
9948
7853
9192
8306
1674
3929
5569
3746
601
234
2723
2752
1635
8116
8711
1935
1793
6059
3930
8335
6380
7374
9039
3437
6468
8387
8339
32
9009
2139
5842
2354
6600
7980
2968
3165
9580
396
6214
1220
5117
5729
9368
2966
1427
1569
9126
234
4345
4162
3894
5793
4511
356
4796
3614
3210
6501
8810
1051
3116
5301
304
1846
917
9567
6986
8204
809
3503
3752
611
2574
9391
8638
7451
4421
1775
1053
1165
7485
6105
3986
8328
4553
8274
6753
3968
6570
3953
3873
7256
3600
8304
5017
5271
5961
6327
8870
7760
9979
3603
7012
1466
4442
6201
5855
9596
2945
606
6348
162
5811
7617
7740
8226
8383
271
5370
3513
3339
3097
7288
3365
2760
7182
1924
8305
6428
764
6824
7455
422
2467
9703
758
9265
9552
7323
4219
4084
6942
866
6078
9690
5215
5862
8569
4047
7038
1793
9444
7877
838
2842
1800
5770
8978
9208
1131
4498
6267
417
2847
8385
6109
5868
881
7909
9430
3429
310
3999
1488
2568
5921
6000
1594
925
3269
7861
1855
5946
174
6377
7637
8330
7362
1159
9520
8265
9168
3372
7780
2438
566
999
655
5073
6010
2445
9119
5374
7560
8000
4888
1302
7178
6656
4238
3800
5386
9865
7359
3873
5092
8699
1695
1732
6018
4089
6223
1685
1380
1351
3792
2794
2572
161
2332
7832
6683
6299
9230
3696
5862
9946
3362
8032
9236
8430
7897
7840
9136
1651
5951
5646
5389
7415
784
4407
9353
3384
1123
9802
9020
3062
5470
4471
3177
8149
8447
4935
6961
3133
162
3144
1887
1227
4347
5402
7839
4335
3163
8939
8080
8117
9882
8122
8757
6969
2569
7631
3505
6075
9550
6705
7537
9036
9938
8109
5559
4591
8944
5860
9775
4568
7034
9934
1931
3475
1593
493
7771
9866
6582
6098
6213
6604
4671
93
4120
2856
4511
3690
689
4339
1297
4729
2134
6227
4839
3597
7294
1941
6697
9502
223
1136
6455
1040
5551
8240
4835
6361
3420
5098
6119
6646
4976
4805
1734
2922
6243
9382
7219
4584
1807
2812
7563
9861
1547
7339
500
5779
6534
3183
9104
3718
9309
4869
1614
3573
125
5635
2310
9777
3842
3330
1671
7300
6612
3652
1308
7495
8597
4926
6736
7073
5937
8568
3624
5167
2358
2372
8676
3609
903
6746
684
3543
2161
2479
2184
9817
8463
9528
4950
2570
8118
3193
236
6430
7933
8439
8979
5807
9659
919
4462
3901
6803
65
716
3043
1707
7428
3712
9810
8208
9361
574
1150
7163
9109
261
4370
1604
1841
2701
4200
6919
3622
4442
3645
1386
7620
7513
3764
1490
2956
1637
3279
4182
8817
9990
4934
6548
3042
3463
3215
7767
7467
2899
3948
1709
175
5532
2457
9172
2506
1427
9773
2782
8318
5201
4405
5366
6026
1267
9024
7033
6499
4742
7849
1716
3040
3098
7572
391
2648
6058
4774
4798
2131
9045
4996
6444
4214
3718
5423
7666
50
6370
4806
265
4491
4120
7025
7964
4656
3478
4265
4666
5437
5323
7053
9829
6667
4677
734
4210
649
6576
4707
606
545
1440
4223
8716
1916
1663
8091
2034
1709
9547
4624
8801
5330
1999
1162
6240
5803
3288
3751
9735
2438
8911
807
7232
7402
4749
6521
5496
113
8168
5645
7032
4771
5866
4352
5143
3472
8239
4573
1097
1108
4529
7426
6275
531
9569
6007
7035
1182
6528
9713
3118
3567
7087
9452
1406
587
783
396
6810
5828
722
2263
4839
5503
7974
3959
7055
1143
2943
3582
9600
4002
4186
3938
8409
9511
8957
6911
2937
5425
8769
2426
3618
8471
8427
2110
7455
5816
6638
619
9554
3126
8344
4131
7372
1052
6339
6907
832
114
961
1506
3218
9043
5126
2375
7287
3847
1106
4554
8888
2895
5279
4131
4735
2877
691
9308
9419
7911
6866
9488
1575
4378
3706
3897
9386
7950
2705
3717
627
7864
8080
2454
528
6396
4494
590
4473
2918
8316
7137
8936
8117
8051
6753
9646
4731
7402
9267
8911
9425
6620
9519
4006
8005
8159
1830
9780
3702
5074
2975
2744
9813
4188
2854
6214
6288
9632
8627
5834
6471
1254
5679
6304
9856
2828
4510
7981
328
7312
6748
1249
6365
1269
3204
5938
3502
3421
3987
5981
3019
4848
5606
715
2969
3302
8611
2708
8699
7816
160
9329
4735
1166
5545
4230
4596
3997
255
7609
3588
7059
5852
7781
207
7526
5017
9632
5608
9661
7135
5123
3348
2378
5647
3798
5162
6183
176
7189
2819
6877
8800
5310
6761
8839
8405
9873
6768
3385
4057
6101
844
2689
7153
9343
7394
97
9219
8123
6560
175
611
7785
8044
4996
5543
885
7405
5789
3660
9150
8461
3045
8893
4431
1875
2588
8517
1192
1452
1946
9153
8302
9513
4105
6521
9752
3009
2885
5589
6019
8365
348
9592
9990
722
2884
8743
7099
2857
9144
775
2949
0
631
1749
557
6332
3297
4741
1325
4397
6490
3434
9368
5583
7124
5640
4375
2412
3009
3361
5647
3169
1139
1656
3000
344
873
4826
4131
7416
3734
8015
2112
8793
7175
9038
4814
566
8448
665
1447
6720
4114
6014
982
304
9051
3693
9736
3352
2806
1085
2639
8693
4575
5464
8534
9983
1318
2888
5246
1967
2457
1625
1404
6668
1590
9174
9849
6467
1772
3414
9172
8048
4316
7458
7420
1261
5057
120
2851
1801
5041
6471
953
7541
7562
5820
5587
3773
1898
2153
3535
3447
9835
1649
2956
1006
5081
8621
7825
1198
3918
2643
3784
6258
7566
8279
2971
7568
4143
7665
4247
4812
9964
9241
5258
3999
9392
7577
9053
1000
2960
3516
6813
8193
1535
5242
1962
1852
440
5000
881
1791
62
388
8237
5640
8752
7060
5009
2728
5215
5797
906
8626
2313
8316
8210
7394
2092
6054
2794
4501
1438
3967
569
6532
457
6093
4435
893
7135
8438
8763
9148
2124
9275
3336
6991
5108
7507
7800
5842
4932
6946
188
632
6285
5054
9762
6990
682
5529
3200
2052
3430
4488
2678
9609
7077
3528
4871
1350
4100
4637
8415
2807
113
6180
2538
6316
1224
4797
3681
9813
574
5731
2916
6949
6082
7867
897
8791
7375
6912
1516
2703
8086
4538
4829
6654
2855
4533
3039
2520
5257
641
4829
6286
131
2343
5138
7596
5740
5865
5556
6716
3241
2337
6454
9227
6763
2178
5264
604
3228
2509
6083
4840
9215
5017
922
8811
2990
1286
5126
8141
2684
7715
2254
8489
8708
5971
5621
2752
2673
2577
5130
647
6331
9549
4013
4880
5579
9482
7721
2572
6527
4403
9341
3641
7704
7894
5769
6822
8486
2028
2881
1960
9192
1426
7299
3257
3840
6835
3583
869
6823
7842
9284
8413
7210
5141
2157
2490
7024
1552
2757
9816
3229
6640
5037
5062
1611
5140
7238
2451
7071
8320
1231
815
6298
475
6548
2497
5933
3520
9558
6745
5370
9558
9128
8806
8407
9438
433
6602
7869
9492
2801
2956
6087
5109
9137
5770
4702
4774
8735
2343
7504
4114
6033
4317
5630
3017
4486
7504
4284
7594
160
1392
1576
2856
2273
2569
4469
6064
7908
3388
9436
666
4078
4748
2801
562
7405
8637
9060
9267
2406
2492
2086
2225
1019
5383
7911
1229
2806
936
2114
135
4956
6752
8656
9949
3376
4553
3741
3951
120
484
6726
6453
4957
3685
611
9979
4147
2572
7523
5217
8943
9620
688
3108
2949
4685
5759
6166
9856
9489
6717
7810
6632
8862
5491
1247
9147
1664
5047
8749
647
6252
3453
4898
2329
9673
436
2918
2303
3500
106
9897
789
8297
2188
6934
4953
7261
5996
1246
6193
5994
3808
2403
6382
6941
8059
7678
3058
925
7621
8854
5213
3375
1509
4974
9553
2208
9509
9559
215
7104
6341
4535
8023
8623
1255
8619
1390
4775
2308
2823
9262
2933
9822
380
5403
720
7917
6543
2266
4277
8693
4200
7368
1542
3512
2659
4348
3980
6767
2756
7285
6457
4975
7652
3523
4061
7507
1499
3873
5609
517
8067
523
6280
761
7037
1156
4463
7500
1648
2133
5548
9658
2650
3755
4527
5277
7057
4105
5331
7647
6140
2275
9849
567
6454
1448
192
5657
2298
2704
3177
5651
8224
9331
565
4903
3921
8391
9755
4424
2969
3719
7059
9097
4950
9603
2427
8830
2914
1538
800
5009
4286
4290
259
3871
5114
8833
3308
1405
6395
2292
3275
4493
9988
7302
8425
6222
3617
834
4955
5
7708
1876
713
4051
800
5941
3685
1421
1324
1886
9544
1042
5468
2959
848
4443
4807
4345
1625
6823
6537
7228
4024
7689
212
3852
1819
2127
5036
6614
3223
92
9206
4809
3745
9989
859
4984
4302
6469
1978
6804
9612
4638
4578
8720
8139
5688
9595
2128
410
1854
5617
6870
8718
5317
8530
3149
9959
154
6994
4547
6506
1455
2017
4554
8693
6853
4460
1544
7063
6634
3154
9178
8887
9988
5185
2335
3959
3086
4262
2559
4337
2121
9169
5378
7883
1664
5063
8049
6954
2392
1388
5196
7743
6018
5749
1379
5045
5124
6343
4089
1672
2615
6940
6308
8486
7220
4700
6066
8013
7964
2629
15
4513
2358
3994
7853
5311
7880
7264
3447
3192
4172
2053
9111
1796
4379
5949
3199
1695
904
4990
4519
9499
8773
1153
1185
5785
7864
214
2260
9581
6923
1297
4670
8245
225
4759
5648
5821
5141
6613
4373
3056
4188
4973
6536
7713
4362
7787
5614
6161
5329
1999
1479
5945
3582
9183
7109
9242
5932
8930
1322
733
4210
6677
7940
9855
1563
7419
8026
7280
2080
5328
2098
9899
2960
7604
7823
1157
77
5980
4534
5921
2636
3819
7731
9550
3358
317
3929
1218
4459
1719
4692
2941
8621
8996
6742
5494
6523
5929
1007
6796
134
1734
8160
2557
9177
3577
7437
3789
5607
5703
2126
3599
4843
1302
5657
722
4719
6220
7687
570
2955
3828
3710
3811
1782
8164
6366
7346
3649
2247
4527
5166
7091
7848
7964
798
7562
8943
6911
3979
9780
204
6637
2106
9827
286
8883
8329
7702
6479
2164
9831
90
7563
7824
1521
7914
7490
6672
6929
926
9613
6318
3481
4350
2067
3878
1085
3012
9351
2849
8605
158
5664
4254
8309
2918
3539
3867
6301
5576
6609
8321
9070
7978
234
5891
3614
8421
8404
5979
9593
5686
345
2790
991
5443
488
3549
9757
2726
1479
469
3649
6023
2695
6063
3633
2269
9753
9858
3241
4239
2217
7335
5717
1595
8025
4307
5786
1326
9182
4148
2235
7408
7100
8797
1699
7150
3915
1057
9266
1271
314
6733
5677
9312
8892
6537
8948
473
6469
2139
362
1543
346
4961
40
4676
7
5450
7925
9114
7526
5579
3942
94
9973
682
4745
4038
8199
7051
4484
182
778
2667
2560
1698
1091
1127
8902
6050
3716
5089
6133
5052
8147
5289
9016
5276
9222
3384
8869
6765
2875
6190
4569
5772
2469
8963
3035
1734
2034
7396
7670
9241
5242
9123
9376
8272
8633
8789
8033
6101
6990
7742
3167
7858
4327
7756
2143
5968
1293
3723
3812
7038
8439
6641
9856
517
2936
6233
9319
8976
5493
5836
1949
6603
5548
6265
330
5756
7952
3000
4663
5560
8040
6893
8400
6386
3582
5432
8036
5421
9928
2815
2682
4822
8828
7793
4607
1661
7654
1546
8557
3920
9380
1917
7568
6776
3713
222
8275
686
1435
2335
8721
6611
2829
1602
8266
505
5123
328
7544
9063
1856
1729
2060
8301
3087
1153
5731
3917
6556
5193
77
4598
7739
8600
3455
5201
3885
5148
5260
4294
2429
9612
7451
6476
9655
384
9896
6022
8103
7298
811
5136
9043
1819
9855
2463
688
4603
1466
9569
9814
121
3640
1461
300
8391
4465
4276
9146
9161
3311
8230
4330
3104
2546
2401
5586
733
2544
3964
3224
8012
9260
1486
6052
486
7506
7824
9158
2898
9880
1774
7012
5617
5261
2991
5519
3623
420
7694
2968
8034
6375
8995
2592
7156
5011
3117
1411
4231
3067
6555
3124
9841
6710
2794
9702
3623
9780
9521
7504
1317
5152
3792
3359
2879
5965
5650
1633
655
2576
5866
7266
3987
6931
1884
8919
8149
7469
1766
8006
9902
4039
3697
8694
5497
4883
1633
2626
2041
8846
7518
124
1813
5427
8437
451
1029
2806
1253
4555
8461
7836
6191
7923
5902
7728
1854
7443
9019
1730
1342
4987
2691
6856
1169
7468
3743
4536
8796
6637
6599
737
971
804
2430
5222
8807
3522
9569
908
9328
6025
815
8728
3307
5067
9583
9761
7085
5329
5155
1484
6497
8777
8570
2329
2826
1284
7893
3600
5467
6031
6204
7086
6387
948
1961
4058
9293
8358
5975
1
4904
7117
462
4643
1667
6672
3968
4214
8058
4206
8784
1312
8778
9418
1233
8786
6940
8611
7735
4967
5642
4119
5715
796
8052
8357
4450
8154
8879
8709
6159
7112
5458
9092
5241
2208
2747
7072
1029
684
3877
8809
8123
7699
3228
8435
3553
9243
3296
7487
3027
8526
8477
1610
4850
7995
2870
5609
5037
8251
8793
6780
6787
2459
458
6474
7684
8973
7564
6891
5523
924
4383
727
9002
5204
3267
6017
1321
6736
7634
267
8820
4382
5756
13
5841
8873
5825
234
5473
2074
5217
6241
6474
8359
2455
8139
3065
4754
9069
1284
3810
4548
6413
2470
2206
5991
1731
9341
739
9509
8368
6102
4679
2197
6494
4510
3237
8130
5440
854
5206
5439
3005
3205
8866
4068
9082
1547
7387
8104
2650
7550
4671
4406
8385
2606
1040
9098
2847
8723
7904
2470
3734
7447
3372
531
3367
3135
7633
9383
1374
8596
6749
5508
5781
4804
3501
4212
6462
5305
74
3398
9432
7658
7809
5983
4227
41
303
2802
2907
449
2263
2984
6190
2160
7346
4378
7825
2352
4959
3655
9110
4373
9350
5944
8308
4482
367
4818
7047
2159
8651
2122
9487
8010
7213
6656
8474
3021
3013
5907
2377
8912
7819
5906
8156
4902
3687
6284
2617
7060
5606
6034
2634
5162
1036
9410
1210
9872
4116
7640
8588
9871
3839
1652
6552
7568
6846
4347
4923
628
3488
6443
4987
6583
2669
3155
5573
3779
8879
283
8584
1945
2992
935
4361
5052
4408
5908
9065
4131
2312
3262
6868
2387
3109
8211
1054
2694
2001
5677
2158
5166
2267
693
7440
5780
7977
5970
6652
1195
7882
9219
7126
9312
2086
6505
6026
6019
5586
7405
1549
8681
9487
3337
1040
7401
8055
3556
9491
6752
6338
8716
7060
3862
3683
1888
9284
9130
6733
8781
7590
8860
9180
6638
1884
9770
8625
2250
5878
149
9092
845
3011
8165
2606
4507
2563
8408
3823
9676
3821
3204
5769
5691
799
8109
2005
3962
128
7057
8064
1877
2991
3755
705
3059
3401
4567
7092
6346
2276
9118
1373
7280
7318
786
251
1286
5829
6249
6099
4165
4102
4621
7925
661
9839
3011
88
6238
7082
384
2251
8698
5522
605
500
5579
5234
747
6189
946
109
3588
4279
1199
4654
7833
1760
7293
5288
3423
8692
7506
9709
7566
3125
5110
908
1864
1052
7361
5646
977
8985
1868
9397
9895
3472
4919
7522
6528
1340
7647
2138
4467
9724
389
7017
9603
1271
7654
9282
3850
6227
6125
8510
4301
6438
2558
501
3932
9197
7407
3836
2862
1130
9641
405
8696
1221
8635
4998
3891
2981
5867
3054
8794
8499
5447
5966
6659
8304
657
6521
613
7575
8324
5060
5039
7246
4126
3215
6449
2824
9543
3861
8997
4324
3246
19
2756
9217
6654
6879
813
9039
5596
8009
8928
8101
4271
9321
8680
3135
2796
5013
685
7904
2138
8136
106
473
3489
6505
5366
1100
9835
4585
674
7958
8297
5267
7021
2382
3111
3963
7624
5348
720
9532
4736
9043
592
9696
9335
284
9268
2884
5136
2439
1640
1382
2300
6422
2167
4007
2024
505
9247
7378
5688
8279
7483
491
816
3558
6589
6526
9278
4000
4921
337
467
675
7839
8517
9484
4956
1131
2313
1497
3976
9951
8833
1112
2388
110
9039
1048
7304
3412
3113
1976
1334
4707
4830
7700
3040
5919
741
8087
7689
6276
4323
3270
6152
7555
3946
5940
2462
8542
961
998
1678
6921
4431
6881
2515
6412
7639
3976
1524
6225
8179
6857
3003
8239
354
189
2329
8460
7060
2079
9548
2579
6814
4742
6169
7182
4841
1749
2054
5255
6472
4800
1439
1029
6921
845
9613
7618
7371
7699
4803
7388
2743
6070
8951
532
5022
1297
9661
9890
1014
7066
2493
8306
3307
1114
3074
7515
238
334
6848
4350
2211
545
4928
3643
2568
2544
9691
9882
3549
9302
4696
5462
3397
5170
6401
1678
3844
8560
3533
3668
3982
6543
5552
2016
5985
9796
1041
1392
616
8935
1843
4269
6050
1655
1547
8614
3873
8650
5150
3957
9788
7954
5426
9833
7905
7313
2146
5874
1693
8664
6876
3791
564
9279
9340
4935
2879
1916
4110
8103
8712
8388
1876
6407
1717
1724
593
2108
8695
4008
2993
9010
7367
3225
9013
9120
2312
4263
8318
4057
5342
8696
4638
2172
1505
1274
5293
322
3127
5615
2452
1832
6311
786
7462
4299
30
6789
7611
5216
104
5841
3415
3355
4360
1487
8845
6780
8363
3224
4497
3877
6373
2778
994
9230
1467
1665
847
5907
7177
1621
464
6783
8433
3471
5193
8395
6321
77
9168
5531
6389
561
6573
2707
5396
7528
4720
4362
3636
5379
6888
9284
548
4261
346
2068
6038
4045
4022
7944
2377
2317
8459
2746
2481
5817
116
170
6763
7479
7154
8283
9019
9692
508
176
6786
7584
6896
4398
6349
6744
276
8687
201
8944
751
9930
4633
2060
841
2472
5296
9932
2394
6034
4110
1400
6549
2482
4788
8649
4515
7784
1254
5702
5533
1102
7013
6545
2247
1820
6068
195
1782
4090
8931
9020
6951
2231
3399
7178
9515
983
7850
1622
1369
1623
1037
3210
5704
24
6126
6826
2212
110
9025
8041
9594
4268
7202
4631
7514
8801
814
9580
5370
9461
4809
5634
4129
6957
8947
964
460
5686
4208
7069
588
8978
8373
9707
5436
3773
3145
6201
9174
8177
5133
8469
2986
3792
598
3985
1968
708
5180
2064
7265
566
8304
2718
3085
4288
8866
372
1787
9247
6223
7949
3171
2823
1620
8728
2464
3573
6542
3912
86
7385
2392
3345
1584
6282
433
4681
8939
5543
6143
356
9337
6431
2495
4207
6042
8710
5783
5604
668
3844
5171
1524
7030
477
661
5023
2203
8054
8079
5085
4139
2086
7778
3740
2659
2064
2234
6322
3993
8866
1811
5928
1323
3781
2136
1611
1805
6730
6621
3829
5324
8175
2352
3637
5136
1667
6475
3128
228
9748
66
5011
5315
8619
7453
73
800
4262
2740
8507
3362
2497
3423
6978
2187
3184
3364
4862
1980
5287
4940
7298
7096
7045
6495
6194
6925
9245
309
1490
2608
6388
8458
657
487
1188
94
637
3116
9776
1109
7338
3256
4398
1034
7896
6913
8953
4730
709
176
2886
5980
7023
2108
9893
6137
1559
4169
2941
3327
2736
6048
2558
9817
5609
2969
5478
167
6657
9625
39
112
5653
3476
8260
6005
4666
8889
4201
892
4576
5423
4409
8128
5607
7328
5777
3728
537
5689
4992
439
4974
1407
1811
1257
3137
5660
8275
5287
3677
1634
7027
4523
6917
9140
4724
255
8555
6146
2581
6086
1466
226
5576
239
1557
2457
6790
6885
6534
1729
4275
7310
1507
9801
3125
3534
9647
4223
4850
155
9196
189
8186
285
2107
1431
2724
4155
8645
6674
480
3627
9616
914
9970
7468
2043
636
6703
6874
1665
459
4486
6926
9157
7896
6930
7753
7890
5665
447
984
1521
5468
9827
7228
2218
3558
8787
5631
8427
5033
6286
4659
6166
9987
5115
6620
6419
9367
4984
2520
2792
3639
3090
7809
5579
6135
2502
1184
574
4669
8387
3949
3426
3410
7748
560
2232
3576
3549
8915
664
5181
5860
6224
9705
4119
2692
1874
7931
1223
8473
9922
9289
9335
5718
3100
2739
2663
6435
6794
3299
5613
9060
886
6939
322
4193
4293
9419
8436
870
3494
3028
8099
9299
9511
6868
3758
4723
8831
4204
3848
862
5306
8367
1356
7606
2732
6492
6732
3208
4117
3074
1217
57
4844
1165
3857
3051
6907
759
4264
4166
3164
1276
3599
2788
8762
4653
255
65
4167
743
7920
8866
6245
2574
1562
3868
9973
5137
7393
5756
2508
637
8683
7233
2079
2915
1116
4671
2464
377
1014
166
4758
4275
3607
1026
8048
6706
4755
5641
4265
7422
7939
9589
3144
9361
8412
3031
655
6266
9375
617
6733
5164
9701
4612
779
7145
32
2077
2201
6965
410
3105
3337
1523
6200
1290
5105
9628
4008
5758
2505
3470
790
6130
7388
6062
272
8831
1397
6552
6345
1411
127
1572
7971
1906
3905
2829
2468
4434
6166
6697
7190
5110
44
7220
7289
2033
2666
9369
5571
8320
103
7578
5605
1949
3533
1335
9859
9341
9601
1219
320
2572
648
3358
6424
1651
8817
7242
4759
2879
9839
5836
7743
1956
4388
9107
2391
5924
7917
1406
2240
9477
1526
2419
622
5597
2393
1126
1810
3180
8582
9934
4718
976
5345
9771
2890
9366
8947
419
1740
1143
6889
3822
9430
4699
5984
7817
9572
9955
5386
6705
8726
708
1465
9231
824
6843
8422
9998
5952
7985
5706
6535
6808
1186
1357
6481
226
9894
8397
4053
3614
8137
3741
4467
4360
6043
5976
5262
1005
8368
1631
1330
7848
104
7874
6167
5482
8863
7117
5270
8331
5054
118
2903
9814
9941
1501
4211
5120
8422
6726
5863
6878
9213
9988
2716
5541
6329
5998
2594
5615
1820
5465
9634
4181
3725
1357
5949
6847
7301
3418
5846
3164
5188
8129
7741
7845
1148
3354
4814
4928
9431
585
620
7522
8804
5074
5832
4193
8174
5792
2277
3773
231
2747
3722
5996
777
757
9917
7085
1651
4995
5716
7865
8872
6247
6271
5610
7347
2295
8603
4598
3353
9017
884
5271
412
9482
3638
391
5900
5256
2003
2960
5324
5245
9956
417
8406
9848
3748
3162
1456
927
6519
1947
4714
4145
4857
3269
844
4002
118
5855
2714
3640
9536
5845
7380
4270
214
1769
7130
2222
9917
1069
915
3427
1056
1860
1718
4800
7370
1474
1683
7641
7871
4317
7904
9667
1224
8634
1610
3772
1161
7943
3602
8229
9227
3411
4650
5670
6267
6156
5813
2981
2965
193
4475
6018
2005
5559
4164
4363
1790
8397
7669
843
3089
2355
6277
488
9583
1795
4049
9708
4029
1480
5176
9172
8459
8733
9148
9343
9294
8561
2951
649
8468
3993
345
9886
1961
7127
6401
4125
2505
2461
4772
9156
7996
7766
1574
5182
7975
6026
1994
7752
3595
4700
9466
5129
3625
4662
54
5286
9104
8330
1143
5318
2923
7225
4770
65
723
1075
1504
2386
4383
6231
6020
8541
291
4577
4756
7984
9689
2652
8774
7541
14
8971
4543
4088
9347
6078
9527
9073
4110
2786
6643
1754
2566
5732
5564
39
147
4711
7193
3101
6654
5176
6153
316
2199
9801
3056
7588
1569
8964
4377
5074
6492
7897
4047
3742
7353
2749
3404
3894
577
1342
4894
7116
6566
4105
5022
170
6869
7935
1113
538
2606
7544
5867
9556
1397
6886
2928
3369
8771
4034
8304
2519
9339
5694
5974
8575
3277
4617
379
4047
91
5275
1321
23
7416
9127
9462
1139
4125
7579
174
8602
6903
7747
3460
8534
8026
1212
6735
1260
3609
6055
9320
9437
6834
4991
768
3635
5488
2369
2616
9151
6668
1645
3121
7548
6613
7276
4812
773
5971
2279
3070
7310
3184
6307
8486
2965
5916
6014
2822
8037
7399
7566
6864
4187
8903
3833
5706
8535
4622
5544
8530
8547
2787
3300
4696
3400
6039
743
2234
6357
2863
8232
914
2742
1715
1723
5211
3293
8227
1803
4339
4905
4445
2136
2885
6372
7826
6570
9836
5467
8470
3951
4567
7681
3278
9259
1877
1490
4013
5724
7539
7907
1558
6550
96
2406
8543
677
4350
5423
572
1713
1083
8818
4319
8803
9732
1476
4863
6139
8579
3662
9441
2870
8202
6677
3338
3565
4665
4745
2460
3811
3821
819
9218
2481
4280
6677
1044
6451
895
2762
4933
5389
3801
8499
9668
5838
9020
4033
5512
5189
8120
313
5350
7773
6791
8230
6863
3604
8777
6808
991
2125
8928
4121
7023
5786
9423
4720
8083
7149
8065
3946
9017
1711
7450
749
688
4402
3334
1391
6716
7067
3127
4552
2381
1440
8456
8839
9461
524
6922
6264
1939
3209
843
5020
2475
8322
7505
545
1006
9452
6050
794
477
5942
4466
5872
9990
7414
857
4917
9629
8610
4264
1919
9971
1755
5860
8593
9497
8075
2988
8012
269
5531
2629
8930
372
2757
8
1159
2923
2782
9614
9413
7507
4157
8236
9605
6018
2801
6450
1378
1088
3911
5690
1134
6195
5387
632
4845
5681
9510
5838
6249
9506
8715
1242
120
1463
1519
630
5412
3305
9537
1679
935
4397
7304
52
5970
4866
3201
3112
3357
8515
5114
3338
4604
1120
2183
2733
754
9918
2900
616
2178
7611
9303
3827
6133
9064
2553
2428
8411
1568
4894
7844
3922
3249
4690
4495
586
7306
9959
2299
9204
6408
9041
4814
1894
7680
1794
247
1947
3128
684
4064
8887
1572
9516
1781
1774
2906
4711
1825
7652
607
5552
6458
8365
5664
4786
305
8423
2277
2136
5301
3281
7448
5316
4742
9264
871
7120
5965
9049
2675
3349
2518
9926
2524
2204
6173
4621
1388
1825
5221
3022
281
4604
6823
4532
8311
9475
6456
9485
1694
8551
5329
2039
7078
5399
6264
6055
5755
1896
2270
8127
2120
2942
7638
9283
2947
3233
8652
4815
3404
2650
9885
1660
6250
5331
9155
3141
3134
6688
3814
9977
968
4161
1950
3943
8109
9274
6997
9449
9539
4923
8547
9054
4795
7167
693
4994
438
9748
6466
685
7214
9187
3474
650
1261
3534
9257
240
568
7068
58
4330
9523
9011
9285
8212
8977
1115
1891
6364
6608
6368
1048
6561
8821
6687
383
6302
3754
7329
7355
713
3806
6297
8350
8458
8895
8220
3533
2593
1871
7617
3049
2148
1733
8030
1404
2335
4658
4715
6664
8434
5299
4657
4911
9403
8998
7575
1562
3818
4029
5296
285
4577
9717
3794
37
3443
3080
4937
532
7754
7262
2150
8844
7242
9344
5282
5022
3522
6206
8418
2061
8561
5650
6290
9743
347
3108
254
3441
7050
8740
972
6318
1200
1022
7040
3782
2002
7980
8890
1730
1701
6323
4147
6321
497
4808
601
7658
569
7759
3668
3490
275
3096
247
5888
7382
2859
9331
9838
7224
5853
5509
9530
6414
3833
5188
6532
1112
5412
2553
5558
5150
3899
5561
3456
4545
1353
4105
5170
8122
3753
8253
5770
7111
6394
1804
1490
6495
3365
6887
2603
6799
3042
1198
9114
757
1110
3534
7968
7467
9836
3178
5000
3452
6742
8187
5058
6486
6550
7034
3029
8013
6990
3568
9048
479
6055
5927
1270
3584
9885
5830
8907
4463
552
9232
3954
5619
7374
2835
4293
1582
5801
6631
8030
7452
1470
7400
1083
6563
4391
8981
104
9238
7997
7156
8466
4934
5727
6281
9627
880
1780
3562
2270
9553
172
3748
6831
7264
9557
4399
9510
8305
785
2231
5590
6924
8084
8261
1009
8304
6005
6793
215
8685
2578
2850
9405
9883
8414
2441
9303
5918
2834
8611
619
8690
1850
1925
3520
6350
6818
6523
3813
7654
4449
9013
8432
6465
1789
8441
1557
6019
9610
2262
4401
4846
9030
9112
9318
8417
9750
6286
7526
448
7993
7747
9121
4401
9181
397
3575
3821
7882
1581
6420
5602
6275
8613
2286
6846
7101
3744
6062
551
5975
4990
68
5328
4103
1757
9635
2244
3575
2459
2832
3810
475
2517
7811
5806
8810
750
1708
3143
6570
5357
3667
8237
9056
7753
3086
7043
1707
311
8191
1891
4435
8964
7723
7802
3474
7279
7136
3519
6602
3665
9464
5570
9713
7990
4139
2233
3069
4968
7612
3882
2584
4668
3044
2863
4316
2514
2600
7179
9620
9266
7153
6569
6261
8749
4874
4972
1859
7009
4335
5225
4760
5309
7146
2802
3096
6271
9297
4511
9657
1890
8071
6177
28
6973
6135
6752
8141
2297
3991
842
9385
5152
4720
2508
48
8912
60
2479
6856
5446
9220
2657
799
2919
8956
7302
2112
6964
4151
1347
9617
1940
3163
2399
773
7899
8459
9587
9023
3583
4108
3574
2378
9971
3815
6906
7655
3200
4732
3811
7891
1378
7786
261
5787
7243
8623
2993
2162
8956
2769
7481
7189
9197
5262
569
3770
4546
3610
5119
1545
1574
3758
2747
2375
4253
6436
7730
908
3074
4185
7026
3030
7879
7074
357
6226
2085
7585
2845
9627
7629
1584
3075
3745
2894
5686
1854
5713
6104
9502
1304
5453
8398
5352
2425
7437
2872
3059
8070
1679
38
3520
7359
4537
7887
3338
5552
9141
2009
318
8537
5436
4070
3205
3311
8316
7291
4895
1841
9279
6078
3508
1651
8999
1301
4145
4102
2618
4882
8803
554
5453
7666
4308
7099
1040
1631
5326
5951
4573
2319
1346
309
7747
5756
5834
1114
1627
2847
9763
669
4913
8573
2667
4716
191
2933
1312
6759
1926
9487
6639
1385
133
600
1021
9140
1461
8780
209
8476
3903
7696
9415
3223
448
325
4351
1068
3589
8272
3363
5256
2875
7546
7587
5400
5362
4713
9763
3980
9063
2875
8579
1955
7162
7819
4207
2337
4964
9820
1569
3895
2552
5500
3080
7792
1050
5630
2037
6123
4343
9093
3681
7691
517
5213
8928
9304
2849
8605
1880
1970
8066
4116
2429
7826
4565
1807
4341
4685
7662
8662
94
4038
2575
333
9308
4316
5451
1800
5601
3381
4298
5844
2772
1264
4195
9445
1561
6813
8166
2036
3354
5470
787
6954
8382
3935
6324
8893
3008
4202
2748
5026
2592
9068
714
4667
4277
3684
2076
8814
3693
7714
5318
8190
7100
5318
7575
548
7417
8948
243
4483
7307
5293
5846
1345
9468
3113
8904
4525
8025
7477
7941
7280
9061
7465
8496
8326
2979
8849
3927
7358
1342
4717
3268
4084
1030
1785
1094
8453
2187
2855
6472
3337
1300
9310
801
3145
7980
4469
181
9293
1793
6466
1097
2222
1125
7891
9838
2500
9655
286
2965
378
8363
7734
6215
8121
9392
3651
4635
4089
1435
7498
1635
6894
6627
5022
4766
1237
2571
364
6451
9187
7747
9675
781
340
8960
6038
7434
3078
1806
1860
2245
3445
3561
5882
6379
9959
6478
7228
1731
3155
4304
9083
7876
5591
6619
3313
6195
5184
6297
1331
9079
2631
4803
27
2536
4064
3433
6218
8351
8085
3473
1380
1013
1821
3886
2450
4502
4008
4792
4162
1662
4416
7082
9762
7424
2638
8574
1961
9256
6516
8840
2858
8229
9794
5371
5624
4009
971
4086
5128
5554
9206
2374
6136
5882
3297
4536
5112
4235
4318
5972
5438
99
2116
8569
4876
4647
5137
9998
6284
757
6349
2969
2398
5040
4326
2935
3149
3557
1570
2783
5558
4443
4773
8909
3749
6638
215
1216
9584
6581
1708
7434
9104
4806
1576
3092
1546
3002
9538
4559
193
2484
3759
4694
7704
6739
277
3229
2094
4870
1100
1709
9391
9067
1219
754
2716
3657
9137
991
2725
3229
4380
7207
50
8052
3354
7551
8989
1319
4159
7934
2365
2545
1658
4681
3518
2495
4762
9310
4770
9662
2147
7095
269
6624
7249
1222
2601
33
3846
9145
2016
9726
5205
6917
3127
2475
7803
200
9586
9678
4491
8708
9930
217
2151
6021
7364
3193
8108
6615
7592
6166
8381
7036
1532
9779
2620
9657
9896
1471
7911
5785
1296
2074
6767
9965
5003
5596
4239
3115
4655
5144
8286
3152
8486
7989
1435
795
2502
8430
1943
5027
9176
6049
1583
1319
6325
4690
3215
3592
4708
1193
6134
887
6343
5460
7097
884
7408
5229
166
4522
7514
8128
7766
7964
2562
5181
8524
1928
4308
8919
3033
4868
6250
4189
7342
7198
1473
7790
6582
5100
4430
1607
3952
752
8254
7428
2773
6178
1504
9468
2116
1897
5774
7740
1590
1968
4226
8511
9098
452
5373
3316
2012
8142
4549
2971
7204
758
5840
389
1626
1556
1035
4685
1252
677
786
5035
7076
58
1965
2208
3624
2681
1738
340
3528
3694
3226
2103
8839
5260
1080
233
7327
2377
1190
2088
3155
2112
912
439
1247
6872
7311
6528
7776
9826
715
9860
7547
5848
7813
7488
3538
1829
8552
116
9536
9356
8437
2351
4439
9654
2672
5110
9069
2367
5648
5638
29
9776
9210
547
445
6348
80
9847
4596
9092
2534
8131
9505
7579
3444
1
2387
6707
515
5428
4057
7041
8427
366
8687
7036
9063
7048
9924
3316
954
8074
1946
970
2482
7392
318
5146
3021
9921
8388
8803
2833
5335
6174
3459
5421
4091
7325
4716
7566
6539
5763
4971
4910
7767
5192
5814
250
6229
3002
432
3017
7041
3922
2203
4078
3456
8651
5864
4492
7566
3172
2561
2130
2701
9961
7610
5200
3411
1880
1379
7113
4354
6583
2865
9675
7118
1589
766
872
3150
9768
7572
7883
3641
7887
4585
1584
4989
7223
4579
579
6414
2752
2612
7076
6826
5440
3149
4572
8978
3864
2686
1057
4980
23
1527
8885
5797
8373
9106
954
384
4491
3480
9249
1987
7279
7918
2613
1804
4910
1068
6235
5525
194
7236
6505
103
1998
1015
6396
1777
2615
4
1625
7041
2685
2998
9574
1352
3995
8450
6283
8262
5049
7036
8529
6334
6020
5538
1817
8066
4319
3110
7991
3374
2527
3652
1122
2476
2386
3437
9462
9916
2800
8191
6903
8808
3850
3252
251
7299
7350
4260
5931
4494
9440
1109
2407
9239
7719
9422
6579
2317
9440
3811
5349
5608
7817
7702
3826
4534
7339
9978
7379
8473
8734
8309
3110
3714
7514
6944
5869
7606
5554
5651
5664
5565
4182
741
6601
1459
1698
6873
9275
4139
5066
674
9326
4817
4676
9327
4866
7919
6344
7340
750
1691
5949
6317
538
5676
8972
9837
1906
6808
3279
1992
3394
7286
5929
9103
9924
6373
5573
4733
144
6403
3017
7355
8992
7503
5621
2693
3750
2723
9578
5262
3023
4919
2753
9482
816
936
227
945
6326
7090
1805
4087
6274
9843
1809
425
486
5189
28
300
7305
4073
9369
9150
4415
2508
5710
4604
1325
7051
3754
7996
4506
1988
4263
4384
5327
7284
7674
2475
4518
3292
9679
1061
2291
5224
7087
6580
1347
772
4427
3838
415
9548
4276
891
6726
1768
2323
7711
9633
2426
5346
7516
8233
6548
2644
3593
7112
4929
6114
5606
3408
5429
7627
9612
8209
9426
1573
1639
6061
6398
5265
8050
184
4931
8089
8127
7952
9523
3833
492
1504
410
2782
5076
1407
723
8389
7354
2205
6616
6152
5387
5724
1267
5515
1800
3040
4842
3974
2282
4384
6448
2958
1409
1998
4585
7657
4457
9061
683
7724
507
5133
3614
2785
4002
3201
5065
322
4454
3062
9552
7054
9109
1933
7774
2427
1215
6272
4318
6520
2361
7774
5181
273
4890
4398
4552
7601
2713
5985
6714
4910
7334
4317
280
3816
5390
6795
5670
3696
6311
9163
5253
1704
8913
6661
9116
8978
3623
3415
3848
474
4883
2253
984
7103
8524
6095
9002
1876
9512
7659
9642
5481
7700
5063
1313
586
1603
4838
7991
7589
5691
9740
2662
5598
2502
3981
8304
2899
1764
6369
9949
7104
854
4071
6156
8400
1307
8060
7472
1479
1637
4071
4774
94
7265
1854
4802
9131
3183
4313
8856
1226
1369
6607
3658
1535
2646
9102
7648
5812
3341
7811
7876
7295
2301
8655
1163
2531
1285
1532
8226
9418
8132
7025
2153
8847
4276
2671
1729
7876
7017
5445
8219
617
4024
4287
4431
651
5072
4487
3704
8652
1241
6509
8679
3966
9055
7592
4853
7187
4897
333
4598
5266
8285
9655
9367
6864
4315
9549
303
3494
667
1662
7641
5530
8485
5198
3252
1420
9041
2187
320
280
3092
5965
7118
6949
2124
3213
8591
9456
4196
5857
2866
7339
2017
8634
8665
1851
6784
2596
7563
1507
757
4295
8391
5914
325
8826
7645
7400
4626
6672
4892
3109
1608
2323
6095
5279
7487
5975
62
4151
7481
9665
2637
3191
4137
9342
6038
4010
5156
9016
1791
6175
7630
3002
8114
8501
998
4611
3537
8003
3154
8202
1392
3545
9568
4866
8806
3529
6761
4015
7383
1627
9539
1025
4061
3862
4368
2048
535
3817
4776
1287
1993
3522
8291
1844
9785
7599
4602
6138
7974
2273
3457
2930
8183
6344
2540
1995
5864
8477
9462
6070
9286
1712
11
7309
9767
1720
1677
4849
